4973
3809
9097
3299
38
9692
9482
6122
4013
6287
3271
4014
614
1890
1381
4619
9484
8335
4912
516
5913
9398
7087
7537
1492
6445
4194
5972
8597
728
248
4006
532
5777
4861
7267
8272
2356
672
7087
8219
4617
8674
3907
2082
9310
6394
3928
7083
8752
4582
8063
3927
5751
365
1386
9607
300
2303
6587
6554
9527
8221
4311
3636
5673
6709
8261
7563
3506
5286
6905
2619
3408
7154
2952
9689
8614
1505
9144
7637
6212
5330
1174
3160
9449
5181
5763
6253
7873
4499
7659
9068
1308
6151
5251
7601
7454
6726
9151
5132
2140
9313
9693
6289
9161
7564
2049
5759
2941
2078
1390
7742
1439
8857
1150
8273
6287
6611
3950
9068
7507
6835
5497
4303
2379
1672
4848
9167
4019
2435
6034
4278
1013
6549
558
1841
4840
8242
2402
3751
7545
5877
1262
1610
8500
4365
1706
198
783
469
2593
2502
2547
7346
1577
8086
5896
7781
6656
5827
9324
2672
5621
8302
2864
6181
1567
1711
9055
9098
4078
4502
6300
2345
3708
1373
8407
6596
2128
5610
5403
6662
4239
3937
663
36
991
9717
8263
8322
6969
6447
494
6193
2378
1671
2642
8327
3558
5775
1845
4839
7978
4352
4203
6111
8605
7947
2557
5185
2050
7138
4952
2361
7452
4607
5938
8221
1694
2337
2299
498
7934
1352
2828
5227
2821
2966
5792
2045
6423
4821
363
7406
5049
2263
378
9371
1683
9433
9161
5032
7124
2609
9563
2083
8204
2022
6521
5282
843
8734
74
5290
7219
9218
4811
7297
3356
6014
6060
9419
6052
2645
4823
7793
2560
1538
8957
385
3988
4665
591
4094
4427
6235
134
6759
6004
4488
5055
9238
8281
7935
1815
1247
1709
7073
7774
2680
6065
1860
3963
4007
3411
2243
7996
1670
6547
5923
3176
1668
5203
656
1700
5142
6859
6006
5214
4187
3190
5243
8313
2157
5357
6425
8821
4418
4222
8058
9338
8498
2649
1628
5713
756
5798
8740
1311
3313
7926
6798
1807
9834
7396
3298
3771
3060
2008
9235
6551
9409
856
7874
554
4203
6299
4735
6233
8026
492
5935
8674
8453
1719
9401
9026
3941
8355
6410
2755
8996
60
1928
9878
3237
4395
3028
7561
7869
5285
3640
7029
4718
509
4048
4198
1573
1271
5830
1560
2729
5642
9125
5546
8116
2480
3167
1410
6575
9517
682
9485
7637
7290
4341
1601
2217
5229
1736
3729
4228
3063
2793
2811
3926
1545
7003
9762
1902
2932
7105
5764
9461
9980
9729
3063
4228
823
4019
2500
4182
4136
8696
1296
1831
4099
3848
1235
7148
2380
3012
4247
1261
81
2634
8687
3805
1760
2870
4865
6266
4678
4181
2946
5568
8758
4773
5020
6728
8162
9769
9694
3693
1368
6729
5280
8031
7820
1269
1698
16
4926
3498
8496
4268
6856
9533
2212
2374
3543
8709
1560
8526
5091
7365
7862
7982
9612
2455
5198
4788
8211
3172
3491
1305
8338
1583
402
2528
3049
834
5568
8282
1894
1231
8447
3110
416
7657
1053
9767
528
4604
6506
2333
7709
8150
4051
6181
5602
3305
9488
1116
1790
6457
6006
9919
4232
735
425
9278
3117
3392
3842
3214
6984
632
8537
9774
2332
4352
4544
5122
8993
2591
9339
891
9721
7436
9679
2983
6877
945
5254
1076
8889
9387
956
5536
864
910
4186
3533
5165
3349
5325
6032
9864
5288
7457
2616
7378
1878
3967
9707
9581
1409
8480
8844
570
9194
333
7033
1712
6817
949
4673
4966
4702
1530
9731
9197
8110
5032
6497
3085
5461
3763
7460
5050
2930
8156
729
5827
4592
7871
536
5784
2680
3244
7045
8533
7748
2368
5823
8751
5455
6608
8758
9929
5208
5010
9995
8819
9861
311
8367
6896
7107
1849
2509
3027
9964
9757
8499
8150
8818
1652
4795
1686
8311
820
6617
862
1439
4030
4861
1326
5485
828
1288
6071
2826
1769
3579
7718
9717
6508
6170
3643
3268
8627
9488
1526
4536
1464
6780
7933
8175
7570
2074
8347
4738
4011
6844
5544
3423
8057
4806
8641
5761
1452
3914
2196
7419
6419
2744
5131
9396
1595
8103
6354
6027
4580
9777
1750
108
962
4248
3676
2411
2685
8214
396
3117
6421
9651
2040
7095
3015
9216
9724
878
6388
272
3060
6621
9684
9030
8340
2356
3974
8072
7480
7597
7298
5347
3129
3099
8446
6185
4921
2763
873
7094
9371
7980
4199
4257
5522
2299
3274
9309
2484
7223
9897
5310
5946
1108
4320
7048
7015
7707
2291
4163
1218
7998
9536
2588
4642
1720
5280
8997
5606
691
874
5789
926
9140
373
8426
4553
6161
551
2994
5660
2066
6302
1256
2555
1573
4330
8244
4327
3675
9942
3532
4772
2609
7729
5758
9270
4553
4509
3904
8
3142
3139
5774
6072
423
1281
5298
5106
8346
4098
4690
6567
7762
6472
1923
8026
5715
3896
6060
5480
4234
1522
1221
1329
4250
3035
8382
6903
2065
4233
1900
2130
4025
3402
6702
4525
5050
9377
5054
8833
5420
8671
3746
7403
4411
6186
4466
2573
9779
1228
7301
5854
4347
1963
9188
1982
8910
1744
4400
8491
5988
6486
2367
3081
5727
1521
3505
4673
7969
8809
8513
7673
2459
3169
9191
860
3040
1048
6906
4709
921
8620
6786
6557
2833
4086
8172
2063
5056
1061
903
8644
7174
5338
2940
1217
3325
8942
3242
8473
2128
8444
5567
1903
8218
4222
3203
3356
8311
6807
8381
1689
6824
9178
5497
3114
6690
8838
5314
7239
2005
5199
5097
7720
6714
6841
5863
6493
1414
6707
9871
3911
8876
3086
5548
8039
398
2201
1610
2304
4323
9866
4353
715
2628
9755
5660
5335
9377
9359
968
1451
5521
3056
4728
474
3782
7254
6421
8402
3759
5861
6050
5921
5127
7540
1485
3956
7034
2309
3234
8973
6296
6038
9130
2640
4978
9747
6496
2090
8674
2326
2212
6367
4359
3645
9097
5135
3901
9605
9609
7427
5563
3816
9224
4042
9126
753
3589
2795
8115
8920
7197
7270
9130
3822
6858
2923
8918
7718
9737
6310
3097
3934
9
1734
8508
7561
1647
9993
419
2043
9959
5366
8431
8512
4741
2182
2158
5513
1225
2319
2381
516
6256
4607
5357
2535
5383
5073
1907
5912
8507
3135
2473
6940
7660
1845
2963
8906
3264
3933
4524
2763
4067
8349
5375
2321
9596
1353
6017
7281
2219
6838
2459
1406
9039
6668
7269
4836
4916
3110
7854
8813
8681
1002
4248
451
1152
8303
2257
8787
7022
1904
2108
5786
738
492
2973
2671
2274
1927
1028
3164
4305
5265
2609
6875
7486
3441
6678
5865
3221
1102
9338
8777
904
5865
8537
3480
7017
3498
4169
1032
1886
2437
2823
6955
4903
6601
9936
3358
9691
2517
5356
9087
9438
8231
3732
7805
2128
4690
3316
6907
6431
6188
7020
1120
4140
4722
4448
7598
4923
6728
8783
428
9748
8224
5985
9026
8086
9269
1050
6353
3755
6
9195
8045
119
5914
168
3209
2698
2916
867
3773
2853
9748
7239
5333
825
2263
5025
1593
8715
3741
8489
1285
3043
7925
5023
5092
6420
3031
6591
6878
5974
4573
3223
6555
479
1151
9168
594
5632
3994
4471
4307
5115
9228
4096
4942
3555
1422
8048
2526
8412
8926
9673
405
4081
4680
5123
148
4260
9377
773
8967
2623
4928
9090
300
9370
7050
7696
7630
5014
9896
3029
1426
8006
5270
9722
653
2429
2458
49
3248
4434
2799
899
8625
352
3966
4018
3831
4282
8824
7405
7138
2428
2994
2290
6212
9164
686
9069
2720
1487
9906
3919
8110
6408
2471
7274
8631
5820
5935
4296
2675
3601
2964
3596
7453
2373
2745
1376
6704
7082
6560
1085
305
1279
7048
841
1048
1018
2255
5163
5115
3537
2156
6170
2393
1768
722
8339
5585
2612
4242
234
8060
1006
7664
7463
877
6691
9727
2273
420
6185
7836
3705
9913
6636
7956
7165
6395
5847
1251
9405
7333
382
1898
1450
8905
7703
8412
4954
4509
6105
7941
8649
7311
140
3752
8393
2149
1424
2451
4682
6021
5258
593
1892
5038
7209
220
369
50
5543
8908
4264
6416
8315
5377
9044
2290
6859
6217
2515
6304
9390
3374
186
2238
527
7247
2870
6681
1422
5481
5629
3290
8161
658
8019
6980
5960
5170
9832
2192
5182
6863
3423
6562
7579
7859
4058
1511
6902
5452
1633
7454
2392
4144
1345
2928
6444
7370
1361
6269
8802
1653
4079
2948
9187
4868
6729
6367
8270
9916
5688
4153
1009
1135
8199
7757
9044
4566
1377
4412
5999
8906
1016
4650
5787
3039
3826
1142
438
6813
7118
8484
2160
2796
7077
9785
9907
8779
9499
7043
2735
5741
468
7522
6707
1377
5123
4966
2488
7389
5678
5862
4599
3399
237
7114
1179
8655
3250
4854
6993
8187
4098
2932
9260
672
6129
4989
3509
7707
4716
2339
8751
7658
6832
1246
3560
7337
3304
6033
3612
172
6243
7912
2244
3062
2452
4097
9099
2452
4739
2756
6401
2249
6641
1728
297
3751
3336
2227
1021
471
7681
7445
1329
7061
2816
9074
1733
5995
9993
6482
8196
9656
9606
3543
1625
7996
1728
1970
6785
6051
8954
8946
667
6763
30
5899
5580
6084
463
6463
7040
8356
6941
8491
1883
8243
1271
4177
8957
5914
6187
333
4979
2275
2521
7014
6586
3644
2086
1907
2959
1662
2972
7607
3266
4437
6462
3306
953
7419
9512
8406
4513
9477
7029
571
5167
7193
8715
5743
7636
2266
3010
7814
2862
8515
1826
1449
6700
4604
9257
5254
3338
875
5387
4196
1754
8794
3780
9777
5876
1776
1785
8987
5380
8367
1053
1527
3265
1418
8367
7473
4894
3665
832
848
5194
282
4627
6549
114
9150
9694
2336
3014
6573
3564
8527
9768
878
6788
7173
1136
8199
6549
290
8509
22
4280
8324
1959
3002
1655
2506
3744
1425
6604
6385
1896
430
7138
4605
6752
9142
8648
5301
5094
7928
6740
3420
8223
5783
4164
6552
851
6325
2783
9344
6193
5645
9466
6486
6963
3629
6615
4847
7069
3343
7432
331
4095
6242
1265
3814
2490
7001
4556
5210
9871
2864
4229
6046
4963
2711
6053
9086
3407
477
5949
1880
1587
6377
3048
1169
1610
4599
7587
1683
7449
3678
8729
7316
3058
3178
6070
6243
1797
1707
7085
9649
5653
8186
9365
4985
8200
7570
2686
3965
1976
9522
9713
1791
1880
4126
4022
1305
7104
9757
2623
1386
617
227
6850
7534
8804
8123
4276
9576
6884
3632
6896
2702
5660
8
3942
9969
3811
9102
5681
1336
5860
6074
8113
4200
5362
6047
7463
9026
1513
3410
8543
4169
1104
8546
2647
4958
3162
8295
9182
2442
731
2987
2712
5447
9160
2672
9470
3564
7367
5773
1058
8467
5990
1576
4432
6808
327
5057
8720
3104
4041
4809
2887
7475
3410
1502
8573
9672
2360
4132
6506
9996
3919
8993
8346
7039
9740
2549
7856
9307
2728
3379
9542
9313
5729
6145
7938
2274
2586
5752
6836
2135
8979
9384
1627
8749
3475
5036
4936
880
1361
2549
6747
3091
4387
7941
1497
7145
2285
7499
4431
4500
6315
3542
3280
7176
6778
5111
858
5226
7520
2968
7015
3626
8588
2066
128
3626
6616
4656
7819
1210
9627
8638
4245
4866
2891
5757
9802
1803
7087
8646
417
3914
3347
7368
3253
8058
3076
448
9566
3829
7916
5492
1119
2831
120
4540
808
4335
9412
4621
8043
8986
7672
2211
1227
1053
9499
4859
2305
8727
6310
3210
425
7330
9764
5421
3225
9004
4405
1598
8833
5158
7410
5248
5565
5592
7306
8360
7704
7166
3467
1384
3547
5444
4109
5608
6915
3113
9432
115
9121
8755
7589
9532
3050
3407
1650
283
6271
7010
4335
5655
6519
7026
9590
4465
8216
9178
8696
6459
4084
158
6769
3364
6464
5323
7133
5410
4192
6842
7237
858
4638
6865
4578
2462
9210
8325
8450
1636
2187
3041
583
5182
2404
8892
3645
5355
6993
4425
3156
8634
5073
8896
9755
1463
2797
3349
8382
3
2278
8402
3958
1044
6205
966
847
6230
8156
2521
9095
4892
9490
1083
1473
3624
3676
1112
6617
9794
6799
329
9523
5544
9809
2539
4252
2131
4775
1380
8402
4577
7913
4071
1695
4660
8242
7686
9105
4967
3940
9487
1109
1528
2760
6900
6817
8231
5507
9755
3969
9625
8980
6430
712
5753
377
1600
2665
8476
7826
4158
30
4799
4301
8221
1157
5632
1712
2277
9995
3541
2262
4553
2624
4588
928
882
1946
3408
173
8680
8630
6021
8148
2924
6441
3041
270
549
5572
7703
4688
8421
1494
7921
454
9607
3899
8377
4556
9047
803
6868
7766
5613
4541
4268
5503
6936
8994
6984
2078
1780
6478
2298
7092
583
2296
8645
5026
7581
9443
8216
5912
1566
2958
6092
4648
1305
262
9222
4777
5088
4683
9529
4551
303
8431
427
1496
1961
6859
2306
3210
1666
7596
8363
3495
8275
2010
9175
1594
957
3705
1299
7612
1789
4553
9106
9095
1784
7528
3049
6252
8179
6968
4806
2415
4178
1883
1406
9232
9355
3705
690
6261
8390
2196
8749
6642
7587
8659
9469
3515
6296
6171
5291
2784
1542
7852
7352
1559
3143
6359
807
7192
7046
3069
385
9137
2522
7571
6376
2506
6864
8274
5916
2771
9205
3147
7684
7689
2349
2839
3002
103
6659
9580
4213
1769
3293
7067
2435
4540
7786
6630
4963
3218
5787
6032
765
9441
8812
29
3871
3979
3070
6424
6372
7992
2946
4099
7747
8159
5251
6937
1698
6180
6417
144
8884
3435
3062
858
5414
5867
2390
8842
5810
3901
9720
275
5390
4468
8443
2364
7364
9622
9847
1904
6543
1720
3570
8819
1919
1065
9371
2862
3305
5797
614
7211
2622
1993
8276
9404
2469
3334
7343
1286
9368
5806
8223
6875
1608
5212
3708
3381
9998
4048
4528
4238
7087
6792
2904
4220
6507
9306
7607
1274
51
6381
8935
5874
9300
1832
2333
3031
196
2514
2791
7246
2488
8056
4405
8556
2655
3774
4162
186
9871
5837
2509
5302
2378
1530
8904
9204
3820
2230
2684
4145
6628
5122
1639
2456
6941
2315
8067
9613
3736
6723
980
3494
3207
4400
1646
2698
8456
4926
5281
6609
2588
2799
5090
4908
3923
7411
2183
3550
2070
4883
8462
839
9457
4950
106
6593
4603
3559
9820
1779
8051
3934
6010
8819
1001
6042
5326
7576
502
896
8174
8990
5448
3597
1283
8723
2190
3255
9928
1662
2317
8114
177
1983
7165
2639
2869
4433
3859
2991
634
3836
6763
3957
9196
2904
7825
841
4137
2156
6156
2952
8396
9411
521
6585
6740
5072
9727
9099
3504
1912
2644
3274
7753
2270
3164
1088
6380
7485
4520
5592
1826
8494
5891
685
9838
8889
8932
8001
5507
9112
432
7018
7584
5622
7728
2311
1240
2439
3627
9553
2498
8001
9376
2220
1562
2936
386
1021
5730
4344
8463
5861
4856
4123
5967
4731
3477
2634
9062
4407
8032
6816
3670
1499
5261
6506
340
8652
3173
4779
1988
7534
1634
8748
6340
9215
4215
4929
8115
8633
7403
6310
3372
8875
1104
9112
1891
2881
6500
256
4890
5631
1667
5498
3040
6557
631
4116
6823
5948
1757
3074
3376
311
3189
718
9541
965
2790
9996
5571
1834
2923
4124
3506
9549
5710
1481
211
5253
6352
4126
4485
3180
5746
5064
8067
1829
9011
3271
6990
314
7206
9278
6626
9566
5790
4809
9751
7474
6266
5166
2999
6899
9943
2109
6743
7216
6614
2625
1443
9129
6332
1736
9499
2643
4751
751
3748
4776
2964
1239
860
8715
5794
1796
942
1897
8034
3795
9566
9291
9750
7851
1265
7368
7875
733
6060
9351
7660
9158
5224
2515
8700
4787
7071
1847
4752
7731
4854
2872
8895
4040
870
4914
6518
9015
8104
1562
116
8416
4861
7443
8383
695
9095
653
7314
2112
6232
3447
9604
2522
1445
8837
3317
6674
4470
4381
5703
8952
6893
5499
1991
9310
5856
4484
2790
5181
1444
23
4873
4418
5176
1535
1801
9878
572
3238
5896
2987
493
1556
4369
5762
6926
5829
1754
1017
9795
6776
9817
2881
8381
2499
5680
4846
2157
8932
8294
1496
4103
4083
9668
2623
3093
5939
41
3035
4740
4535
5114
1457
6063
9329
8841
2657
2663
4741
6128
1420
4476
4701
2282
4484
6938
6902
7679
8171
9074
647
7066
5229
6756
8113
2969
3706
7942
3330
5409
1579
6548
7444
5451
4022
5060
562
7566
1181
8372
1035
698
3088
1954
111
2510
1507
344
4310
6903
6378
627
8720
9494
3920
8398
295
5549
4119
9456
5376
9445
1818
6110
4865
8831
31
5198
1644
1221
4040
1257
2570
6300
6616
748
2819
4089
2242
1548
7401
2381
5229
3427
5716
9838
6645
6475
6584
835
8491
9398
3474
7739
6700
3912
2098
4795
895
7649
9619
4931
2471
3963
4805
1195
8232
6524
6668
2559
8599
2024
7089
4916
1242
5447
9782
614
6863
1006
4231
4479
1401
3949
284
1590
8244
9861
475
466
4010
7523
2986
4234
8062
269
6210
8394
2085
3015
4719
132
6052
7458
564
2512
6549
3603
8651
3905
435
5356
3850
6726
2933
5145
369
7530
7896
6264
4304
473
3332
9606
7878
3487
4304
6450
676
3054
6402
2897
799
3643
8911
13
2468
2198
512
4938
4391
6837
7925
999
7380
8460
7252
1997
5414
986
2970
328
4453
5251
5474
5790
7914
2982
1459
2960
7439
9994
7107
3037
65
3914
7050
5373
9175
201
7777
3105
7341
9380
313
7989
4729
5587
4824
9854
3822
508
8319
5030
3358
5780
3399
9649
1195
2962
7625
1083
5174
3042
8828
9584
521
4819
1609
7575
4448
286
5643
2780
9985
8211
4403
6712
4300
9810
1447
384
430
3426
4090
3991
3152
7393
3879
3633
1916
1769
9479
1541
8319
6395
4434
2013
9898
3771
274
4829
7379
4088
4355
1390
7992
5606
9878
8054
4211
4074
9973
8726
4249
8433
1409
8496
4269
4733
2422
5058
66
3710
977
5379
1085
5913
7368
665
9848
9079
5159
3141
6995
556
363
5948
8614
7089
5111
9442
4561
5361
596
5045
1732
9598
1446
2963
